	Finland	Sweden	Denmark	Poland	Trolling		
1987	14.05639069	8.63985675	10.82370907	3.588959745	NA		
1988	7.769195548	8.317163405	6.412943742	1.40607198	NA		
1989	6.776061758	8.624418827	6.382530961	1.685957229	NA		
1990	7.934314473	7.154579288	5.356816514	1.443483723	NA		
1991	4.982500653	5.642602284	4.240696207	2.220039589	NA		
1992	2.79639893	5.031858897	4.573299426	1.512056664	NA		
1993	1.806714063	4.658436506	2.76501193	1.189810908	NA		
1994	1.61978	0.048474667	5.663890401	1.183158573	NA		
1995	0.401999518	3.304637639	3.617732672	1.998774422	NA		
1996	1.546810129	1.808965681	5.296208048	3.864386206	NA		
1997	0.782485628	2.424457314	8.117938462	4.385152625	NA		
1998	1.405326172	1.998873567	3.616754425	4.462407806	NA		
1999	2.050671839	3.211829769	7.83079018	5.59466855	NA		
2000	0.364810265	4.690853347	9.183731176	5.838350489	NA		
2001	1.276790173	2.55587838	7.915327329	6.364827523	NA		
2002	0.9494	2.39796	8.53201	6.404515682	NA		
2003	0.82063	3.0454	4.17196	6.42712	NA		
2004	1.1025	1.8176	1.88374	3.10602	NA		
2005	1.702	2.3874	4.30406	2.61651	NA		
2006	0.93	2.5122	2.33085	1.18292	NA		
2007	1.8335	1.47925	0.61015	2.47234	NA		
2008	2.4469	2.4623	1.95332	12.88068	NA		
2009	0.92209	4.21615	0.362	15.8149	NA		
2010	1.71202	6.83956	2	15.75706	NA		
2011	0.99832	4.21508	1.99	7.1918	NA		
2012	0	0	1.14	5.4958	NA		#
2013	0	0	1.68	10.00021	NA		
2014	0	0	0.761	7.09264	NA		
2015	0	0	1.91	10.58355	NA		
2016	0	0	0.902	14.12457	NA		
2017	0	0	0.97	10.07805	NA		
2018	0	0	0.907	2.83	NA		
2019	0	0	0.213	3.1	NA		# winter 2019-2020
2020	0	0	1.25	7.42	NA		# winter 2020-2021
2021	0	0	1.27	0.493	NA
2022	0	0	0	0	NA
2023	0	0	0	0	NA
2024	0	0	0	0	NA
# Interim year (2020= autumn 2020 + spring 2021)
# If autumn 2020 data not available for Poland, copy model year 2019 effort for 2020 
# (in any case spring 2021 data is replaced with spring 2020 data)
 						
# Trolling "Effort" is now NA since it is regarded as a separate fishery with estimated HR