# Annual coeffs for seal mortality in coastal areas of Bothnian Bay (AU 1-3)	
# Increase in seal population is considered to end in 2014	
# For details see "Seal damages 1993-2020.xlsx"	
1	
1	
1	
1.118	
1.25	
1.397	
1.562	
1.747	
1.953	
2.183	
2.441	
2.729	
3.051	
3.411	
3.813	
4.263	
4.766	
5.329	
5.958	
6.661	
6.967	
7.287	
7.623	
7.973	
8.34	
8.724	
9.125	
9.545	
9.984 #2015	
9.984	
9.984	
9.984	
9.984	
9.984	
9.984	
9.984	
9.984	
9.984	
9.984	
9.984	
9.984	
9.984	
9.984	
9.984	
9.984	
9.984	
9.984	
9.984	
9.984	
9.984	
9.984	
9.984	
9.984	
9.984	
9.984	
9.984	
9.984	
9.984	
9.984	
9.984	
9.984	
9.984	
9.984	
9.984	
9.984	
9.984	
9.984	
9.984	
9.984	
9.984	
9.984	
9.984	
9.984	
9.984	
9.984	
9.984	
9.984	
9.984	
9.984	
9.984	
9.984	
9.984	
9.984	
9.984	
9.984	
9.984	
9.984	
9.984	
9.984	
9.984	
9.984	
9.984	
9.984	
9.984 # 2080	
9.984	
9.984	
9.984	
9.984	
9.984	
9.984	
9.984	
9.984	
9.984	
9.984	
9.984	
9.984	
9.984	
9.984	
9.984	
9.984	
9.984	
9.984	
9.984	
9.984	
9.984	
9.984	
9.984	
9.984	
9.984	
9.984	
9.984	
9.984	
9.984	
9.984	
9.984	
9.984	
9.984	
9.984	
9.984	
9.984	
9.984	
9.984	
9.984	
9.984	
9.984	
9.984	
9.984	
9.984	
9.984	
9.984	
9.984	
9.984	
9.984	
9.984	
9.984	
9.984	
9.984	
9.984	
9.984	
9.984	
9.984	
9.984	
9.984	
9.984	
9.984	
9.984	
9.984	
9.984	
9.984	
9.984	
9.984	
9.984	
9.984	
9.984	#2150
