mu_SmoltW[,1]	tau_SmoltW[,1]	mu_SmoltW[,2]	tau_SmoltW[,2]	mu_SmoltW[,3]	tau_SmoltW[,3]	mu_SmoltW[,4]	tau_SmoltW[,4]	mu_SmoltW[,5]	tau_SmoltW[,5]	mu_SmoltW[,6]	tau_SmoltW[,6]	mu_SmoltW[,7]	tau_SmoltW[,7]	mu_SmoltW[,8]	tau_SmoltW[,8]	mu_SmoltW[,9]	tau_SmoltW[,9]	mu_SmoltW[,10]	tau_SmoltW[,10]	mu_SmoltW[,11]	tau_SmoltW[,11]	mu_SmoltW[,12]	tau_SmoltW[,12]	mu_SmoltW[,13]	tau_SmoltW[,13]	mu_SmoltW[,14]	tau_SmoltW[,14]	mu_SmoltW[,15]	tau_SmoltW[,15]	mu_SmoltW[,16]	tau_SmoltW[,16]	mu_SmoltW[,17]	tau_SmoltW[,17]
4.252926125	10.781409059	0.729756313	7.641264029	5.186371325	1.290220549	3.280967605	0.583637834	0.440832252	1.442695041	-0.153109805	0.657102752	2.993241675	1.471207721	0.40320255	0.598432204	0.54815031	0.732445676	4.245866612	1.495088874	0.166822904	0.622953964	-0.851856904	0.544958472	1.111126094	0.420821408	2.205934	0.672759698	1.088513314	0.419184357	-10	10	-10	10
4.439975326	13.405635766	0.536698028	7.437753239	4.702251524	1.43816353	2.906409136	0.526577813	0.489806257	1.442695041	-0.258317464	0.60500924	2.729942148	1.578205621	-0.263496255	0.558937777	0.162263397	0.692329602	3.848455799	1.207928178	-0.819489619	0.533197964	-1.693746581	0.409867612	1.102146897	0.410640267	2.204161021	0.696150552	1.082096413	0.407791763	-10	10	-10	10
4.384414407	8.457023239	2.385298078	8.24224292	4.578867278	1.772060983	2.757208551	0.581371628	0.610851938	1.442695041	-0.658992161	0.57707492	2.592066795	1.540661443	-0.790332317	0.546909397	-0.024807169	0.696519079	3.986907865	1.178039973	-1.979295799	0.430121945	-2.593440863	0.354481679	1.642579073	0.535183555	3.884140175	2.19313725	-0.709918021	0.230524617	-10	10	-10	10
4.418720721	15.50577084	2.396539809	8.383528643	4.327785579	2.329814493	2.085191852	0.561866211	0.607589292	1.442695041	-0.766212619	0.549407487	2.39005095	1.61536289	-1.741119588	0.444794761	-0.315640629	0.639347474	4.058574283	1.491932156	-3.252592911	0.365209588	-1.844211329	0.459504662	1.417884563	0.822806612	4.106576057	2.364009936	-1.725111146	0.159358669	-10	10	-10	10
4.542842552	17.330688035	1.988159239	8.542551893	4.944894272	2.113289859	2.143809736	0.594438415	0.607589292	1.442695041	-0.507269454	0.58214489	2.566217783	1.597757409	-2.18243597	0.418859892	-0.260069499	0.624507803	4.040862383	2.040566386	-4.048868455	0.321646021	-1.796683573	0.433375477	0.680149651	0.566501032	3.822733657	3.04381575	-1.809602845	0.152924844	-10	10	-10	10
4.607856574	10.800675941	2.680171853	8.40532661	4.613202838	2.477087298	2.019820908	0.756725676	0.401457087	8116.463293	-0.163995313	0.345544158	2.722406652	1.792796614	-2.642525838	0.401540274	-0.172112448	0.71276291	3.781367018	1.530295174	-2.530989961	0.381508356	-1.913120649	0.465186359	0.990387282	0.831125963	4.164831341	2.715138022	-1.586073271	0.142242487	-10	10	-10	10
4.933937818	19.296490418	2.282819535	8.801902166	5.187841009	2.362829625	1.912213749	0.939129654	0.12751332	13421.59159	0.605077972	0.886668967	3.663575749	1.996587839	-2.980024292	0.359160629	-0.441966761	0.604002472	3.623165042	1.75618757	-2.373186221	0.407338229	-1.053338299	0.503115569	0.992919835	0.377489874	3.494507145	3.017187341	0.082742342	0.237524744	-10	10	-10	10
5.45399973	19.741134184	2.438784174	8.253836685	4.633524379	2.295449233	1.788718183	1.11782929	0.231111721	11689.74888	0.966934415	1.043022542	3.121944131	1.83225254	-2.899023981	0.374011492	-0.968954702	0.545056534	3.495475969	2.509541162	-3.323862799	0.341922399	-0.929305052	0.594013436	1.048255337	0.296373526	2.95716846	2.195044232	0.116939575	0.316330927	-10	10	-10	10
5.058390002	12.125238651	0.516529327	7.583022021	4.644712963	2.413433975	0.658061307	0.76765564	0.155292884	13335.82737	0.031251544	0.734063762	3.059082589	1.976407062	-1.808297471	0.45930058	-0.848516436	0.547501012	3.156477306	2.888871279	-4.217417691	0.324566687	-1.409468827	0.489504735	0.536603833	0.472336718	2.640537098	1.819476839	-0.194718638	0.27949219	-10	10	-10	10
4.676788275	18.972936718	0.366648047	7.439357614	4.535257249	2.184510786	0.437822579	0.8259446	NA	1	-0.124576748	0.711405749	2.99167656	1.964329072	-2.160955331	0.429097775	-1.043980648	0.517123392	2.600338219	2.06509727	-4.038854039	0.316164956	-0.488151307	0.628776467	0.752949756	0.690825322	3.257715532	1.634124537	0.302980133	0.326206473	-10	10	-10	10
4.603160668	15.796260083	0.954458968	7.621273041	4.182235622	2.361764763	0.862041494	0.982215699	NA	1	0.358698395	0.83338249	3.063640891	2.000282634	-2.11482419	0.442947009	-0.970572698	0.492432034	2.752851627	2.370466782	-3.932674793	0.345794388	-0.748029011	0.55104347	0.555941564	0.658201562	3.418430623	2.921824462	0.38229452	0.352357839	-10	10	-10	10
4.946039882	21.421644573	2.160976021	8.045412638	4.6939866	2.374391615	1.837945452	1.379829135	NA	1	0.621390672	0.958449849	3.622842478	1.979966349	-1.870620875	0.444639703	0.092383173	0.776858771	3.026676766	3.133877409	-1.391168219	0.488467585	0.216292134	0.780238076	1.104307774	0.983911499	3.378692854	2.932771893	0.714369505	0.378863225	-10	10	-10	10
5.349005728	39.470219633	2.30737361	9.198884236	5.567307707	1.782465598	2.485685513	1.514760302	NA	1	0.238946032	0.813718385	3.988218939	2.142796016	-1.743326512	0.469954054	-0.042425363	0.742117052	4.622323474	3.489831298	-0.985908799	0.523162953	0.562921746	0.911100655	1.043673939	0.391226865	3.72954515	2.967058864	0.75360222	0.419702816	-10	10	-10	10
6.521532347	42.119938533	3.737083732	11.408626794	5.867156205	2.602291603	3.005274105	1.915830966	NA	1	1.033775056	1.121988897	4.292403441	2.485165818	-1.293407114	0.43755423	0.206229309	0.812997986	5.489743909	4.844139421	-0.526402144	0.607199543	0.820887148	0.979801226	1.194175614	0.780486226	3.706997158	3.166495293	0.132685	0.369423198	-10	10	0.030936568	0.278747726
6.837252876	50.137440941	3.819692781	14.069991129	5.880104124	2.737109317	3.093063138	2.006371715	NA	1	1.405163955	1.391141765	4.39953865	2.534376953	-0.427992198	0.608536308	0.189892822	0.806465323	5.189571405	4.205467432	-0.174810039	0.670219354	1.174895631	1.167545381	0.851737235	0.785142513	3.531385942	3.06776747	-0.159851076	0.313809208	-10	10	0.398632199	0.321962071
6.474825445	93.37664287	3.821382506	13.146229719	5.79141477	2.748136427	2.884543697	1.809225751	NA	1	1.041371518	1.121485443	4.166142607	2.491200502	-0.352155885	0.619443872	0.461117388	0.809459498	5.180807653	5.756298955	0.120933623	0.678531844	0.962462232	1.055396208	0.888538636	0.345473628	3.42864063	3.277937586	0.297116969	0.342877942	-10	10	0.105373512	0.352059619
6.509271246	45.738873059	3.843346869	12.234764287	5.633066691	2.700018089	2.52243924	1.736799412	NA	1	0.481601735	0.905761936	3.991284177	2.528660382	-0.16557772	0.665891814	0.636960353	0.968674609	5.206843867	5.261289912	0.505340609	0.737193851	0.756502189	0.935960229	1.44453494	0.941856549	3.398358224	2.729434521	0.533580316	0.386191211	-10	10	0.459831768	0.400810066
6.58713395	48.795192692	3.385007022	12.264735188	5.959030453	2.510913043	2.894737215	1.83273588	NA	1	0.355910652	0.860873707	3.998064913	2.403019447	-0.614397	0.590259468	0.636590056	0.984463434	4.91144165	5.969500319	0.923397419	0.884938152	0.86515532	1.072245602	1.034630492	0.881260276	3.528958993	3.731027629	0.580551247	0.40616352	-10	10	-0.185502611	0.42267343
6.551026048	56.370079284	3.035049136	18.38038185	6.327349111	2.379694087	3.400525489	2.024435723	NA	1	-0.075109935	0.702259511	4.382091633	2.274155163	-0.531088707	0.614822883	1.343676484	45.979345104	5.29103781	8.150375893	0.820196044	0.893612245	1.170138837	1.175260371	-0.01755049	0.455341587	3.550249438	3.442395834	0.600525319	0.416912222	-10	10	0.004732523	0.448333218
6.674377031	41.528120941	3.425333742	14.776292549	6.17488654	2.764336559	3.34404485	1.891278241	NA	1	-0.241322797	0.721108552	4.518441133	2.717671633	-1.326140438	0.517013159	1.107757015	72.729407509	5.164521939	7.199987544	0.859860053	0.905997074	1.423083033	1.365070986	1.863305767	1.335862533	3.646226743	3.270449163	0.565978687	0.419391696	-10	10	0.957296407	0.520506303
6.712178255	42.505240507	3.290928544	31.801539348	6.525158682	2.623840236	3.579191533	2.289398958	NA	1	1.227679565	1.227718166	4.793138271	2.561290775	-0.275054141	0.665100635	1.15828587	32.344615475	5.082476771	8.739429637	1.180219925	1.006689723	1.559764358	1.402046824	1.458800461	0.512906782	3.409646983	3.881857399	0.021835149	0.35270223	-10	10	0.295017135	0.652278209
7.099631049	53.719647617	3.634850843	17.172650866	6.173482933	2.807114818	3.611980861	2.292832541	NA	1	1.7075886	1.61197058	4.611857774	2.774382657	-0.745373542	0.582638001	1.537126326	32.870115172	5.128992831	9.22736956	1.11584626	1.014815461	1.498742078	1.396240243	0.582602062	0.49405319	3.322763727	3.210268429	0.863517826	10.861294351	2.376810915	1.390068659	0.712108455	0.952685281
7.221002754	65.311407145	3.08370652	16.100366028	6.4360486	2.751882829	3.489705693	2.221144829	NA	1	1.3700697	1.328336632	4.472349398	2.721536297	-0.902962449	0.545490836	0.939796299	5.692215463	5.080605443	10.355599037	1.048518275	0.999261199	1.372383046	1.313512262	1.160648806	0.870239206	3.172272527	2.128935974	1.064887994	0.48544846	2.365278162	1.39100362	-0.662391158	0.480895037
7.313077043	64.41197295	3.446664571	19.052601168	6.272577905	2.772896765	3.736327051	2.338753331	NA	1	1.149005928	1.210338863	4.525181185	2.557932873	-0.978707506	0.555317407	0.762852798	11.197472235	5.087012523	33.470614221	0.984599636	0.976683736	1.482811766	1.418613138	1.109462605	0.386659735	3.077283619	3.356732356	1.37640729	0.507747048	2.038583739	1.168674507	0.057678506	0.558053243
7.442510297	77.058416201	3.6096536	66.478630803	6.353905585	2.796675838	3.890489822	2.355988497	NA	1	1.258156966	1.297622372	4.669674332	2.524284944	-0.197567792	0.680166354	0.662754981	13.733978971	5.264365339	81.519682588	1.463233411	1.204439245	1.638256635	1.518935654	1.071500187	0.296351784	3.483077406	3.795398645	1.149911093	0.460219584	1.621607561	1.123352074	-0.206559648	0.785927468
7.484551211	70.289958349	3.215953559	13.776770152	6.598846846	2.474290052	3.765159708	2.289930021	NA	1	1.624932253	1.557867802	4.742995472	2.634160614	-0.197877932	0.66457575	1.247020799	1.255538911	5.458780083	105.716368283	1.433533323	1.220238326	1.841705315	1.66502852	1.090289367	0.303149763	2.793981581	5.006485005	0.994819058	0.465902476	1.488174954	1.093676268	0.375232972	0.819118024
7.445186806	53.338164723	3.6117554	96.340985208	6.455046036	2.824590318	3.703038737	2.301849603	NA	1	1.810235236	1.702337732	4.599865642	2.712519743	-0.347485157	0.669067086	1.38366591	12.209523738	5.405462913	29.696616753	1.41910878	1.168519159	1.939912197	1.763069672	2.598290927	1.280134982	3.288731893	7.032412906	1.319539522	0.50722262	1.99464657	1.272264786	0.634254934	0.932560945
7.31588018	58.461428469	3.629657442	35.831121569	6.576454945	2.811020398	3.755820555	2.434164614	NA	1	1.843437523	1.734951459	4.794297696	2.654466727	0.776373277	41.905008461	1.691988856	1.616030573	5.14055212	70.100427518	1.20949304	1.041890399	1.815852715	1.628820518	1.968499305	0.550783901	3.815905397	5.556479537	1.136569257	0.506290362	2.483488979	1.381435091	0.3363609	3.533826403
7.352123742	64.511371604	3.301448867	5.430039033	6.457363671	2.726995486	3.823925948	2.451625345	NA	1	1.76400879	1.708537839	4.661786786	2.80346095	-0.31929177	0.675601485	1.890609588	1.806971762	5.140479962	75.326968361	1.190955951	1.041408765	1.987820237	1.789340835	2.222172155	1.318608733	3.442855115	4.23382048	1.345749366	0.502064574	2.488197064	1.400617863	0.403489717	7.371769278
7.530182204	82.429515393	3.395018331	229.808966233	6.508242918	2.78327493	4.000243568	2.492542722	NA	1	1.901062951	1.728630801	4.903406367	2.60433272	1.38383133	45.368166628	2.127415301	2.006665152	5.533083513	15.006033679	1.701291215	1.198768585	1.790481153	22.058453009	2.946007586	2.242733386	3.742983124	6.165668487	1.426593956	0.540415589	2.995384713	1.597953518	0.41215501	24.887995235
7.621596846	67.011823087	3.489945167	6.429431356	6.516922839	2.80479734	4.159438398	2.543883943	NA	1	2.042691973	1.933498718	5.020753928	2.753805129	1.595834808	21.911686904	2.497213937	2.414940527	5.54626767	41.532697967	2.334732774	1.426439887	2.583083928	2.428571473	2.314706604	1.368838656	3.235292354	5.164868787	1.591365713	0.59403565	2.837146774	1.533021468	0.695643517	14.409289094
7.613579268	30.377353387	3.808831247	41.029878401	6.236110261	2.784193285	4.053772536	2.334449955	NA	1	2.19010261	2.054817884	5.146057398	2.753389147	1.168610876	1.049939934	2.654385677	2.69339041	5.099222623	21.217930048	2.457141405	1.612460009	2.722298214	2.547588083	0.800134223	0.363837312	3.163109563	3.869925907	1.323778574	0.559875222	2.806204817	1.465924794	1.119218026	0.978914854
7.430019235	54.741968362	3.42650119	32.332687154	6.262915289	2.754657751	3.781141812	2.216868059	NA	1	2.009863008	14.08281129	5.145410912	2.905889716	1.249385844	1.090884544	2.616059173	2.628853586	4.955115537	50.701419262	2.386360824	1.683200575	2.628595654	2.353610157	-1.023062063	0.133996907	2.832738025	2.696324295	0.306383784	0.409886401	2.829314577	1.542683648	0.768429313	0.850225357
7.356969294	56.899469503	3.601558029	23.516204659	6.136507088	2.694219357	3.587012828	2.29845207	NA	1	1.547176264	4.195619521	4.970084096	2.906642129	0.598861226	0.894834355	2.449590305	2.418900052	4.646273501	37.726540393	1.724937454	1.278372255	2.352117839	2.084891562	-0.746447499	0.341267169	3.4384265	2.532820549	0.769342011	0.458241973	2.470503419	1.371828227	0.304267304	3.602330514
7.416528799	73.154950369	3.428097312	32.601602375	6.45341159	2.631884664	4.02960691	2.296879757	NA	1	2.057303289	2.00274159	5.063929585	2.698597202	0.937664673	0.967773622	2.07393893	1.913185031	4.266065021	9.744040522	1.812097084	1.343646887	2.676191389	2.44569926	-0.735638134	0.489862538	3.288096879	3.629352373	0.786760012	0.480789978	2.493610329	1.430127046	-0.03572729	4.804417218
7.568810477	75.615367991	3.401240714	65.789661822	6.470983697	2.82236105	4.29056423	2.417371895	NA	1	1.793934602	1.662031315	4.873080581	2.868187037	0.984579089	0.956527096	2.136135507	2.012400977	5.449559356	30.103475599	2.024489589	4.49114294	2.886483653	2.696624383	-2.566163663	0.213346875	3.437583744	4.07995819	0.291214371	0.426753951	2.101004873	1.303529201	1.469021287	4.754135689
7.447993092	64.731394239	3.602932056	7.089978539	6.419323693	2.875617564	4.111888104	2.18521392	NA	1	1.609903804	1.539704155	4.708543228	2.765723287	0.398920405	0.753011092	1.839881156	1.67290438	5.654696392	31.536305481	2.091037177	3.046257261	2.431611353	1.929302649	0.805430376	9.82561621	3.534244133	2.760713459	0.478664399	0.418466785	2.085424235	1.325485642	1.671143285	1.472978261
7.454821217	53.21474057	3.772023885	28.095872595	6.342791969	2.824647057	4.040315072	2.267293091	NA	1	1.747109846	1.600948683	4.759130848	2.549529627	0.027323296	0.757601714	1.86232355	1.68607192	6.031677256	14.786749627	1.683742651	3.295741394	1.881200185	1.523138562	1.266979868	11.003925432	3.375821395	4.400795348	0.124038923	0.380073625	2.152999229	1.35703498	1.280970031	4.160758371
7.465486435	61.124195945	3.947605377	9.194497069	6.163008441	2.827950868	3.777168452	2.114945136	NA	1	1.739487626	1.65731975	4.678773745	2.762612671	0.130870355	0.735773779	1.928776343	1.843260503	5.973493913	14.068660511	0.824039469	0.945146507	1.88185532	1.665103851	1.444178518	1.214560673	3.41941322	3.806021019	0.245862676	0.359822401	2.309828794	1.384638128	1.12003962	0.961848292
7.598088504	39.916551553	3.529125815	5.411698935	6.068302896	2.572863457	3.389940932	1.778669913	NA	1	1.21347551	1.251102241	4.645769756	2.551896952	0.653444351	0.695409992	1.630586692	1.516489346	5.741759225	10.189992027	0.322510944	0.714380541	1.725539535	1.51689225	NA	1.214560673	NA	3.806021019	NA	0.359822401	2.012682557	1.203081671	NA	0.961848292
7.320159588	5.703927139	2.814228382	0.803303018	5.683960647	0.663535421	3.388488633	0.478735392	NA	1	0.885765543	0.529330964	4.234019544	0.847697821	0.615615277	0.51876888	1.611401982	1.072083243	5.50359283	1.995957489	0.48101466	0.466203688	1.758231124	0.743021458	NA	1.214560673	NA	3.806021019	NA	0.359822401	1.710217652	0.575810896	NA	0.961848292
